x1 = [
0.0012676715850830078 ,
0.0013418197631835938 ,
0.0013260841369628906 ,
0.0017704963684082031 ,
0.0016231536865234375 ,
0.0016474723815917969 ,
0.0016036033630371094 ,
0.002038717269897461 ,
0.002323150634765625 ,
0.003530263900756836 ,
0.005728244781494141 ,
0.009848833084106445 ,
0.017563819885253906 ,
0.03341865539550781 ,
0.06703019142150879 ,
0.13408112525939941 ,
]
x2 = [
0.001779317855834961 ,
0.0014693737030029297 ,
0.0013203620910644531 ,
0.0012958049774169922 ,
0.0014984607696533203 ,
0.0016896724700927734 ,
0.0015687942504882812 ,
0.0019237995147705078 ,
0.0026149749755859375 ,
0.003770589828491211 ,
0.005647420883178711 ,
0.009348869323730469 ,
0.01763319969177246 ,
0.03275585174560547 ,
0.06682085990905762 ,
0.12990713119506836 ,
]
x3 = [
0.0014255046844482422 ,
0.0014858245849609375 ,
0.0013508796691894531 ,
0.0012850761413574219 ,
0.0014939308166503906 ,
0.0019330978393554688 ,
0.001607656478881836 ,
0.0018668174743652344 ,
0.0025920867919921875 ,
0.0037910938262939453 ,
0.005387783050537109 ,
0.009440422058105469 ,
0.017418622970581055 ,
0.03354525566101074 ,
0.06647372245788574 ,
0.13379478454589844 ,
]
x4 = [
0.0016796588897705078 ,
0.0014863014221191406 ,
0.001434326171875 ,
0.0013129711151123047 ,
0.001544952392578125 ,
0.0014607906341552734 ,
0.0016970634460449219 ,
0.0022902488708496094 ,
0.0025060176849365234 ,
0.0035758018493652344 ,
0.005722522735595703 ,
0.009449005126953125 ,
0.0172882080078125 ,
0.034085988998413086 ,
0.06606626510620117 ,
0.13046860694885254 ,
]
x5 = [
0.0015366077423095703 ,
0.0013020038604736328 ,
0.0018510818481445312 ,
0.0014159679412841797 ,
0.0016357898712158203 ,
0.0014948844909667969 ,
0.002472400665283203 ,
0.0017857551574707031 ,
0.002866506576538086 ,
0.003972291946411133 ,
0.006272554397583008 ,
0.009596586227416992 ,
0.017694950103759766 ,
0.033791303634643555 ,
0.06548881530761719 ,
0.13227486610412598 ,
]
x6 = [
0.0018384456634521484 ,
0.0016446113586425781 ,
0.001384735107421875 ,
0.0017170906066894531 ,
0.0014944076538085938 ,
0.0018162727355957031 ,
0.001615762710571289 ,
0.0018374919891357422 ,
0.002805471420288086 ,
0.0034203529357910156 ,
0.010288476943969727 ,
0.009450435638427734 ,
0.017896175384521484 ,
0.03395390510559082 ,
0.06856894493103027 ,
0.1358656883239746 ,
]
x7 = [
0.0018393993377685547 ,
0.0013365745544433594 ,
0.0013537406921386719 ,
0.0013842582702636719 ,
0.0017006397247314453 ,
0.0015058517456054688 ,
0.0015130043029785156 ,
0.0019588470458984375 ,
0.002376079559326172 ,
0.003153562545776367 ,
0.005320072174072266 ,
0.009451627731323242 ,
0.01777338981628418 ,
0.033796072006225586 ,
0.06406784057617188 ,
0.13067984580993652 ,
]
x8 = [
0.0015034675598144531 ,
0.001463174819946289 ,
0.0017075538635253906 ,
0.0014350414276123047 ,
0.001402139663696289 ,
0.0019724369049072266 ,
0.0017914772033691406 ,
0.0017979145050048828 ,
0.0023751258850097656 ,
0.003554821014404297 ,
0.005570650100708008 ,
0.009814262390136719 ,
0.017194032669067383 ,
0.03440260887145996 ,
0.07159972190856934 ,
0.1305694580078125 ,
]
x9 = [
0.00174713134765625 ,
0.001329183578491211 ,
0.001331329345703125 ,
0.0014564990997314453 ,
0.0014622211456298828 ,
0.0013892650604248047 ,
0.0016362667083740234 ,
0.0022139549255371094 ,
0.002259492874145508 ,
0.0033347606658935547 ,
0.005667209625244141 ,
0.009366273880004883 ,
0.018404483795166016 ,
0.03347206115722656 ,
0.06662416458129883 ,
0.1324307918548584 ,
]
x10 = [
0.0019462108612060547 ,
0.0013988018035888672 ,
0.0015251636505126953 ,
0.0036966800689697266 ,
0.0014126300811767578 ,
0.00146484375 ,
0.0015861988067626953 ,
0.001905202865600586 ,
0.0028581619262695312 ,
0.003328084945678711 ,
0.005504608154296875 ,
0.01014566421508789 ,
0.0174102783203125 ,
0.03369283676147461 ,
0.06606817245483398 ,
0.12993741035461426 ,
]
x11 = [
0.0014450550079345703 ,
0.0014717578887939453 ,
0.001504659652709961 ,
0.0015058517456054688 ,
0.0013575553894042969 ,
0.0014524459838867188 ,
0.0015020370483398438 ,
0.00203704833984375 ,
0.0026335716247558594 ,
0.0036034584045410156 ,
0.0062448978424072266 ,
0.010703086853027344 ,
0.017493724822998047 ,
0.03373289108276367 ,
0.0661170482635498 ,
0.12839007377624512 ,
]
x12 = [
0.0014674663543701172 ,
0.001299142837524414 ,
0.0012545585632324219 ,
0.001298666000366211 ,
0.0017364025115966797 ,
0.0014772415161132812 ,
0.0017254352569580078 ,
0.0020563602447509766 ,
0.0023152828216552734 ,
0.003509521484375 ,
0.005402088165283203 ,
0.009387016296386719 ,
0.01795220375061035 ,
0.033411264419555664 ,
0.06660318374633789 ,
0.14042448997497559 ,
]
x13 = [
0.0017914772033691406 ,
0.0013380050659179688 ,
0.0013933181762695312 ,
0.0017554759979248047 ,
0.0014095306396484375 ,
0.0014858245849609375 ,
0.0018732547760009766 ,
0.0019207000732421875 ,
0.002660989761352539 ,
0.003710031509399414 ,
0.0054895877838134766 ,
0.009645462036132812 ,
0.017642974853515625 ,
0.03444480895996094 ,
0.06706571578979492 ,
0.13074827194213867 ,
]
x14 = [
0.001516103744506836 ,
0.0014357566833496094 ,
0.0015153884887695312 ,
0.0014586448669433594 ,
0.0018241405487060547 ,
0.0015125274658203125 ,
0.001634836196899414 ,
0.001991748809814453 ,
0.002453327178955078 ,
0.0034232139587402344 ,
0.005433320999145508 ,
0.010223388671875 ,
0.017618656158447266 ,
0.03316307067871094 ,
0.0772709846496582 ,
0.13740897178649902 ,
]
x15 = [
0.0017194747924804688 ,
0.0014519691467285156 ,
0.0013117790222167969 ,
0.0013692378997802734 ,
0.0014262199401855469 ,
0.0014705657958984375 ,
0.0015797615051269531 ,
0.0020186901092529297 ,
0.003264904022216797 ,
0.003640890121459961 ,
0.005502462387084961 ,
0.009450674057006836 ,
0.017612218856811523 ,
0.0385894775390625 ,
0.06563091278076172 ,
0.13057470321655273 ,
]
x16 = [
0.0017011165618896484 ,
0.0014846324920654297 ,
0.001428842544555664 ,
0.0013930797576904297 ,
0.001361846923828125 ,
0.0015273094177246094 ,
0.0017154216766357422 ,
0.0019330978393554688 ,
0.002382040023803711 ,
0.00360870361328125 ,
0.005519866943359375 ,
0.009528636932373047 ,
0.027169227600097656 ,
0.03437542915344238 ,
0.06592488288879395 ,
0.13007497787475586 ,
]
x17 = [
0.0014629364013671875 ,
0.0015716552734375 ,
0.0013837814331054688 ,
0.0015246868133544922 ,
0.0014400482177734375 ,
0.0014445781707763672 ,
0.0017800331115722656 ,
0.0018687248229980469 ,
0.002912282943725586 ,
0.0034513473510742188 ,
0.005392551422119141 ,
0.010766744613647461 ,
0.017596960067749023 ,
0.03374600410461426 ,
0.06629776954650879 ,
0.13240361213684082 ,
]
x18 = [
0.0016582012176513672 ,
0.001699686050415039 ,
0.0013763904571533203 ,
0.0013184547424316406 ,
0.0015151500701904297 ,
0.0014812946319580078 ,
0.0017986297607421875 ,
0.0019347667694091797 ,
0.0030028820037841797 ,
0.003788471221923828 ,
0.005724191665649414 ,
0.009409189224243164 ,
0.017548084259033203 ,
0.03347468376159668 ,
0.06598877906799316 ,
0.13737702369689941 ,
]
x19 = [
0.0016353130340576172 ,
0.0013108253479003906 ,
0.0012922286987304688 ,
0.0014081001281738281 ,
0.0018689632415771484 ,
0.0019350051879882812 ,
0.0019292831420898438 ,
0.0018482208251953125 ,
0.002510547637939453 ,
0.003257274627685547 ,
0.005696296691894531 ,
0.009572505950927734 ,
0.018245458602905273 ,
0.0337984561920166 ,
0.06565713882446289 ,
0.13158345222473145 ,
]
x20 = [
0.0015392303466796875 ,
0.0014925003051757812 ,
0.0012068748474121094 ,
0.0014488697052001953 ,
0.0014255046844482422 ,
0.0016319751739501953 ,
0.0017459392547607422 ,
0.0019016265869140625 ,
0.002787351608276367 ,
0.003867626190185547 ,
0.0062198638916015625 ,
0.009493589401245117 ,
0.018149375915527344 ,
0.03395509719848633 ,
0.06578850746154785 ,
0.1297318935394287 ,
]
x21 = [
0.0017936229705810547 ,
0.0013272762298583984 ,
0.001604318618774414 ,
0.0013401508331298828 ,
0.0013136863708496094 ,
0.0014641284942626953 ,
0.0015838146209716797 ,
0.0025496482849121094 ,
0.0023632049560546875 ,
0.0038483142852783203 ,
0.005360126495361328 ,
0.010068416595458984 ,
0.01766061782836914 ,
0.034090518951416016 ,
0.06747722625732422 ,
0.13054585456848145 ,
]
x22 = [
0.0016584396362304688 ,
0.0013511180877685547 ,
0.0015549659729003906 ,
0.0014011859893798828 ,
0.0016849040985107422 ,
0.0014615058898925781 ,
0.0017642974853515625 ,
0.0018205642700195312 ,
0.002414226531982422 ,
0.0038962364196777344 ,
0.005566596984863281 ,
0.009990692138671875 ,
0.0186920166015625 ,
0.03353404998779297 ,
0.06628227233886719 ,
0.1270923614501953 ,
]
x23 = [
0.0014946460723876953 ,
0.0013074874877929688 ,
0.0014009475708007812 ,
0.0015583038330078125 ,
0.0014297962188720703 ,
0.0014560222625732422 ,
0.0018470287322998047 ,
0.0022330284118652344 ,
0.002617359161376953 ,
0.0040130615234375 ,
0.005350351333618164 ,
0.00989985466003418 ,
0.017180204391479492 ,
0.03346848487854004 ,
0.06619691848754883 ,
0.130387544631958 ,
]
x24 = [
0.0015058517456054688 ,
0.0013713836669921875 ,
0.0013072490692138672 ,
0.0016257762908935547 ,
0.0015709400177001953 ,
0.001512289047241211 ,
0.001775503158569336 ,
0.0019268989562988281 ,
0.002556324005126953 ,
0.003280162811279297 ,
0.005826473236083984 ,
0.009429693222045898 ,
0.01801466941833496 ,
0.033745527267456055 ,
0.07814741134643555 ,
0.13745903968811035 ,
]
x25 = [
0.0015621185302734375 ,
0.0014841556549072266 ,
0.0014622211456298828 ,
0.0015993118286132812 ,
0.0013782978057861328 ,
0.0014467239379882812 ,
0.0016591548919677734 ,
0.0024557113647460938 ,
0.0027840137481689453 ,
0.0036933422088623047 ,
0.005553007125854492 ,
0.009438753128051758 ,
0.0173337459564209 ,
0.03358888626098633 ,
0.07326769828796387 ,
0.13136529922485352 ,
]
x26 = [
0.001657724380493164 ,
0.0013353824615478516 ,
0.0014734268188476562 ,
0.001382589340209961 ,
0.0013513565063476562 ,
0.001440286636352539 ,
0.0017349720001220703 ,
0.0018622875213623047 ,
0.0024297237396240234 ,
0.0033910274505615234 ,
0.005730152130126953 ,
0.009361743927001953 ,
0.01779913902282715 ,
0.034943342208862305 ,
0.0751795768737793 ,
0.13145041465759277 ,
]
x27 = [
0.0016407966613769531 ,
0.0014028549194335938 ,
0.0013775825500488281 ,
0.0015685558319091797 ,
0.0015406608581542969 ,
0.0014586448669433594 ,
0.001617431640625 ,
0.0017483234405517578 ,
0.002482891082763672 ,
0.0034987926483154297 ,
0.005632638931274414 ,
0.009498357772827148 ,
0.017928123474121094 ,
0.03460526466369629 ,
0.0658717155456543 ,
0.13052678108215332 ,
]
x28 = [
0.0015287399291992188 ,
0.0013859272003173828 ,
0.0016210079193115234 ,
0.0016484260559082031 ,
0.0016901493072509766 ,
0.0015363693237304688 ,
0.0017766952514648438 ,
0.0018999576568603516 ,
0.0024480819702148438 ,
0.0036242008209228516 ,
0.00619196891784668 ,
0.009557247161865234 ,
0.018314123153686523 ,
0.033623695373535156 ,
0.07927227020263672 ,
0.1313457489013672 ,
]
x29 = [
0.0019156932830810547 ,
0.0012443065643310547 ,
0.001430511474609375 ,
0.0014195442199707031 ,
0.0014319419860839844 ,
0.001461029052734375 ,
0.001772165298461914 ,
0.002247333526611328 ,
0.0026748180389404297 ,
0.0037894248962402344 ,
0.005295276641845703 ,
0.011853456497192383 ,
0.017564058303833008 ,
0.0327601432800293 ,
0.06646943092346191 ,
0.1314082145690918 ,
]
x30 = [
0.0016422271728515625 ,
0.001371145248413086 ,
0.0013892650604248047 ,
0.001316070556640625 ,
0.0014615058898925781 ,
0.0015037059783935547 ,
0.0016312599182128906 ,
0.001996278762817383 ,
0.002466440200805664 ,
0.003582000732421875 ,
0.005888700485229492 ,
0.00960850715637207 ,
0.017524003982543945 ,
0.03494000434875488 ,
0.06631708145141602 ,
0.13666152954101562 ,
]
x31 = [
0.0016245841979980469 ,
0.0015943050384521484 ,
0.0013222694396972656 ,
0.0012240409851074219 ,
0.0016973018646240234 ,
0.0018279552459716797 ,
0.001626729965209961 ,
0.0021364688873291016 ,
0.0027985572814941406 ,
0.0036704540252685547 ,
0.00538325309753418 ,
0.010434865951538086 ,
0.017522573471069336 ,
0.033553361892700195 ,
0.06540489196777344 ,
0.1299140453338623 ,
]
x32 = [
0.001394510269165039 ,
0.0014078617095947266 ,
0.0016095638275146484 ,
0.0016376972198486328 ,
0.001516103744506836 ,
0.001451730728149414 ,
0.002036571502685547 ,
0.002195596694946289 ,
0.0030319690704345703 ,
0.0034360885620117188 ,
0.005456447601318359 ,
0.011453628540039062 ,
0.018140792846679688 ,
0.03303885459899902 ,
0.07348513603210449 ,
0.1299748420715332 ,
]
x33 = [
0.001455545425415039 ,
0.0014677047729492188 ,
0.0013442039489746094 ,
0.0013928413391113281 ,
0.0015399456024169922 ,
0.0016515254974365234 ,
0.0017044544219970703 ,
0.0019121170043945312 ,
0.0024535655975341797 ,
0.0033681392669677734 ,
0.005624294281005859 ,
0.0099334716796875 ,
0.017535924911499023 ,
0.034442901611328125 ,
0.06432795524597168 ,
0.1320488452911377 ,
]
x34 = [
0.001527547836303711 ,
0.0013747215270996094 ,
0.0014100074768066406 ,
0.0014200210571289062 ,
0.001485586166381836 ,
0.0015583038330078125 ,
0.0018012523651123047 ,
0.0022170543670654297 ,
0.0023665428161621094 ,
0.0033888816833496094 ,
0.0053975582122802734 ,
0.009313821792602539 ,
0.017564773559570312 ,
0.04033064842224121 ,
0.06622743606567383 ,
0.13014698028564453 ,
]
x35 = [
0.0015375614166259766 ,
0.0012714862823486328 ,
0.0015218257904052734 ,
0.0013611316680908203 ,
0.0014181137084960938 ,
0.0019423961639404297 ,
0.0016522407531738281 ,
0.0018320083618164062 ,
0.0024137496948242188 ,
0.0036382675170898438 ,
0.005812883377075195 ,
0.009610176086425781 ,
0.017470598220825195 ,
0.036167144775390625 ,
0.08123469352722168 ,
0.1341719627380371 ,
]
x36 = [
0.0015361309051513672 ,
0.0014007091522216797 ,
0.0014307498931884766 ,
0.001575469970703125 ,
0.0015268325805664062 ,
0.0016095638275146484 ,
0.0018143653869628906 ,
0.0018932819366455078 ,
0.002565145492553711 ,
0.0033550262451171875 ,
0.0056421756744384766 ,
0.009554624557495117 ,
0.019021987915039062 ,
0.033757925033569336 ,
0.06617927551269531 ,
0.13282132148742676 ,
]
x37 = [
0.001832723617553711 ,
0.0014910697937011719 ,
0.0012831687927246094 ,
0.001299142837524414 ,
0.0013701915740966797 ,
0.0015892982482910156 ,
0.0018804073333740234 ,
0.0022630691528320312 ,
0.0025205612182617188 ,
0.003457784652709961 ,
0.005477190017700195 ,
0.010381937026977539 ,
0.01733231544494629 ,
0.03355598449707031 ,
0.06696891784667969 ,
0.1425783634185791 ,
]
x38 = [
0.0015077590942382812 ,
0.0013365745544433594 ,
0.0016770362854003906 ,
0.0014040470123291016 ,
0.0013911724090576172 ,
0.0014536380767822266 ,
0.0015430450439453125 ,
0.0021157264709472656 ,
0.002374887466430664 ,
0.003381490707397461 ,
0.005415916442871094 ,
0.00969696044921875 ,
0.017537832260131836 ,
0.03490948677062988 ,
0.0642995834350586 ,
0.13042759895324707 ,
]
x39 = [
0.0018172264099121094 ,
0.0016655921936035156 ,
0.0013971328735351562 ,
0.001341104507446289 ,
0.001650094985961914 ,
0.0014083385467529297 ,
0.0016760826110839844 ,
0.0018892288208007812 ,
0.0029287338256835938 ,
0.003541231155395508 ,
0.006106138229370117 ,
0.009358644485473633 ,
0.017319202423095703 ,
0.033987998962402344 ,
0.06572937965393066 ,
0.1295616626739502 ,
]
x40 = [
0.0016522407531738281 ,
0.0013997554779052734 ,
0.0014047622680664062 ,
0.0015532970428466797 ,
0.0015170574188232422 ,
0.0015170574188232422 ,
0.0016925334930419922 ,
0.0021066665649414062 ,
0.002534151077270508 ,
0.0034720897674560547 ,
0.005419731140136719 ,
0.009397268295288086 ,
0.017741918563842773 ,
0.0354914665222168 ,
0.06600117683410645 ,
0.12959814071655273 ,
]
x41 = [
0.0014369487762451172 ,
0.0013000965118408203 ,
0.0015234947204589844 ,
0.001445770263671875 ,
0.0013780593872070312 ,
0.0014858245849609375 ,
0.001802206039428711 ,
0.0017547607421875 ,
0.0024504661560058594 ,
0.0033440589904785156 ,
0.005734920501708984 ,
0.009835243225097656 ,
0.01736760139465332 ,
0.03284430503845215 ,
0.06723880767822266 ,
0.13484406471252441 ,
]
x42 = [
0.0015001296997070312 ,
0.0013201236724853516 ,
0.001558542251586914 ,
0.0013248920440673828 ,
0.0015439987182617188 ,
0.0017108917236328125 ,
0.0017042160034179688 ,
0.001819610595703125 ,
0.002434968948364258 ,
0.0036993026733398438 ,
0.0054318904876708984 ,
0.00966024398803711 ,
0.017637252807617188 ,
0.03484487533569336 ,
0.07353091239929199 ,
0.1304769515991211 ,
]
x43 = [
0.0014824867248535156 ,
0.0013206005096435547 ,
0.0014483928680419922 ,
0.0017173290252685547 ,
0.001455068588256836 ,
0.0019435882568359375 ,
0.001779794692993164 ,
0.001913309097290039 ,
0.002681255340576172 ,
0.0034689903259277344 ,
0.005209445953369141 ,
0.009440422058105469 ,
0.017252206802368164 ,
0.03380441665649414 ,
0.06530141830444336 ,
0.1314530372619629 ,
]
x44 = [
0.0020821094512939453 ,
0.0013587474822998047 ,
0.0014710426330566406 ,
0.0014655590057373047 ,
0.0022552013397216797 ,
0.0015141963958740234 ,
0.0018303394317626953 ,
0.00202178955078125 ,
0.0027239322662353516 ,
0.003747224807739258 ,
0.005403995513916016 ,
0.009650945663452148 ,
0.018297433853149414 ,
0.03374791145324707 ,
0.06748676300048828 ,
0.13196253776550293 ,
]
x45 = [
0.0014204978942871094 ,
0.0012578964233398438 ,
0.0016546249389648438 ,
0.001369476318359375 ,
0.0015330314636230469 ,
0.0016636848449707031 ,
0.0017583370208740234 ,
0.0017631053924560547 ,
0.002466440200805664 ,
0.003293752670288086 ,
0.005728960037231445 ,
0.00925588607788086 ,
0.017663955688476562 ,
0.03352212905883789 ,
0.06521987915039062 ,
0.12962889671325684 ,
]
x46 = [
0.001691579818725586 ,
0.0012636184692382812 ,
0.0014262199401855469 ,
0.0014176368713378906 ,
0.0013480186462402344 ,
0.0015423297882080078 ,
0.0018591880798339844 ,
0.0018246173858642578 ,
0.002363920211791992 ,
0.0035400390625 ,
0.005960226058959961 ,
0.00946950912475586 ,
0.017997264862060547 ,
0.03404545783996582 ,
0.06604433059692383 ,
0.13870835304260254 ,
]
x47 = [
0.0015058517456054688 ,
0.0017561912536621094 ,
0.0014102458953857422 ,
0.0014188289642333984 ,
0.0014808177947998047 ,
0.001466989517211914 ,
0.0015642642974853516 ,
0.001995086669921875 ,
0.0023703575134277344 ,
0.003614664077758789 ,
0.005399465560913086 ,
0.009826421737670898 ,
0.017813444137573242 ,
0.03636431694030762 ,
0.06648588180541992 ,
0.1304793357849121 ,
]
x48 = [
0.0019702911376953125 ,
0.0014026165008544922 ,
0.0015132427215576172 ,
0.0013933181762695312 ,
0.0013496875762939453 ,
0.001828908920288086 ,
0.0021102428436279297 ,
0.0018954277038574219 ,
0.0025823116302490234 ,
0.003826141357421875 ,
0.0064122676849365234 ,
0.009473085403442383 ,
0.017467260360717773 ,
0.034150123596191406 ,
0.07537579536437988 ,
0.12702679634094238 ,
]
x49 = [
0.0015306472778320312 ,
0.0014052391052246094 ,
0.0013124942779541016 ,
0.001493692398071289 ,
0.0017728805541992188 ,
0.001651763916015625 ,
0.0016145706176757812 ,
0.001958131790161133 ,
0.0025238990783691406 ,
0.003771066665649414 ,
0.00564265251159668 ,
0.00969243049621582 ,
0.01765608787536621 ,
0.0345916748046875 ,
0.06593871116638184 ,
0.13231587409973145 ,
]
x50 = [
0.0017697811126708984 ,
0.0014717578887939453 ,
0.0018324851989746094 ,
0.0012738704681396484 ,
0.0015950202941894531 ,
0.0015079975128173828 ,
0.0016701221466064453 ,
0.002000570297241211 ,
0.002431631088256836 ,
0.0035600662231445312 ,
0.005361080169677734 ,
0.009756326675415039 ,
0.01762533187866211 ,
0.03445100784301758 ,
0.06717681884765625 ,
0.13060522079467773 ,
]
x51 = [
0.001580953598022461 ,
0.0013210773468017578 ,
0.001314401626586914 ,
0.0014061927795410156 ,
0.0015368461608886719 ,
0.0015859603881835938 ,
0.0015532970428466797 ,
0.0018968582153320312 ,
0.002515554428100586 ,
0.0033643245697021484 ,
0.0054132938385009766 ,
0.010040283203125 ,
0.018129587173461914 ,
0.032834768295288086 ,
0.08161449432373047 ,
0.12778806686401367 ,
]
x52 = [
0.00152587890625 ,
0.0014464855194091797 ,
0.0013797283172607422 ,
0.0014414787292480469 ,
0.0016467571258544922 ,
0.0014719963073730469 ,
0.0017139911651611328 ,
0.001882791519165039 ,
0.0028934478759765625 ,
0.003735065460205078 ,
0.005475759506225586 ,
0.009734392166137695 ,
0.01789546012878418 ,
0.0344390869140625 ,
0.06929445266723633 ,
0.13085579872131348 ,
]
x53 = [
0.0014910697937011719 ,
0.0012888908386230469 ,
0.0014388561248779297 ,
0.0014204978942871094 ,
0.0015320777893066406 ,
0.001641988754272461 ,
0.001931905746459961 ,
0.0020356178283691406 ,
0.002483844757080078 ,
0.00331878662109375 ,
0.005881071090698242 ,
0.009918451309204102 ,
0.01762533187866211 ,
0.03412008285522461 ,
0.06586194038391113 ,
0.12967252731323242 ,
]
x54 = [
0.0014612674713134766 ,
0.0013818740844726562 ,
0.0014739036560058594 ,
0.013289690017700195 ,
0.0019426345825195312 ,
0.0013651847839355469 ,
0.0016379356384277344 ,
0.0019626617431640625 ,
0.0024781227111816406 ,
0.004170656204223633 ,
0.005353212356567383 ,
0.009455680847167969 ,
0.017741680145263672 ,
0.03386235237121582 ,
0.06887221336364746 ,
0.12687444686889648 ,
]
x55 = [
0.0014791488647460938 ,
0.0015723705291748047 ,
0.0012803077697753906 ,
0.0013628005981445312 ,
0.0013957023620605469 ,
0.0015544891357421875 ,
0.0016717910766601562 ,
0.0020499229431152344 ,
0.0023956298828125 ,
0.003526449203491211 ,
0.0055010318756103516 ,
0.009508848190307617 ,
0.018015384674072266 ,
0.03752565383911133 ,
0.0659637451171875 ,
0.1329498291015625 ,
]
x56 = [
0.001505136489868164 ,
0.0016937255859375 ,
0.001318216323852539 ,
0.0014672279357910156 ,
0.0014996528625488281 ,
0.0014567375183105469 ,
0.0017540454864501953 ,
0.0022792816162109375 ,
0.0023527145385742188 ,
0.003557920455932617 ,
0.005766391754150391 ,
0.01029658317565918 ,
0.018103361129760742 ,
0.033451080322265625 ,
0.06731104850769043 ,
0.13136816024780273 ,
]
x57 = [
0.0016472339630126953 ,
0.0014150142669677734 ,
0.0014066696166992188 ,
0.0015578269958496094 ,
0.0016376972198486328 ,
0.0014193058013916016 ,
0.0017447471618652344 ,
0.002007007598876953 ,
0.0029489994049072266 ,
0.0036361217498779297 ,
0.005892038345336914 ,
0.009557485580444336 ,
0.017659902572631836 ,
0.03397226333618164 ,
0.08115959167480469 ,
0.13135743141174316 ,
]
x58 = [
0.0015964508056640625 ,
0.0015673637390136719 ,
0.001695394515991211 ,
0.0012621879577636719 ,
0.0014674663543701172 ,
0.0018062591552734375 ,
0.0015385150909423828 ,
0.0019364356994628906 ,
0.0026094913482666016 ,
0.003386259078979492 ,
0.005599021911621094 ,
0.009918451309204102 ,
0.01715874671936035 ,
0.03283548355102539 ,
0.06678056716918945 ,
0.12988710403442383 ,
]
x59 = [
0.001783132553100586 ,
0.0015676021575927734 ,
0.0013759136199951172 ,
0.0012831687927246094 ,
0.0015106201171875 ,
0.0016293525695800781 ,
0.00165557861328125 ,
0.0019979476928710938 ,
0.002351999282836914 ,
0.003812074661254883 ,
0.006058692932128906 ,
0.009502649307250977 ,
0.018178462982177734 ,
0.03411698341369629 ,
0.06883454322814941 ,
0.13008475303649902 ,
]
x60 = [
0.0016608238220214844 ,
0.0013234615325927734 ,
0.001558542251586914 ,
0.0013456344604492188 ,
0.0014367103576660156 ,
0.0017178058624267578 ,
0.0016489028930664062 ,
0.001959562301635742 ,
0.0025022029876708984 ,
0.003790140151977539 ,
0.005666971206665039 ,
0.009510517120361328 ,
0.017568349838256836 ,
0.03546285629272461 ,
0.06683826446533203 ,
0.13014578819274902 ,
]
x61 = [
0.0015006065368652344 ,
0.0014879703521728516 ,
0.001463174819946289 ,
0.0013930797576904297 ,
0.0014235973358154297 ,
0.0014982223510742188 ,
0.0016007423400878906 ,
0.002008676528930664 ,
0.002415895462036133 ,
0.004079580307006836 ,
0.00546574592590332 ,
0.00946807861328125 ,
0.018563032150268555 ,
0.03281068801879883 ,
0.06618285179138184 ,
0.13260817527770996 ,
]
x62 = [
0.0015399456024169922 ,
0.0014293193817138672 ,
0.0014448165893554688 ,
0.0014412403106689453 ,
0.0012786388397216797 ,
0.0016341209411621094 ,
0.0017368793487548828 ,
0.0017404556274414062 ,
0.002566814422607422 ,
0.0034711360931396484 ,
0.005906105041503906 ,
0.009456157684326172 ,
0.01835036277770996 ,
0.03422832489013672 ,
0.06618094444274902 ,
0.12998080253601074 ,
]
x63 = [
0.0015592575073242188 ,
0.0040094852447509766 ,
0.001827239990234375 ,
0.0015261173248291016 ,
0.0015006065368652344 ,
0.0013720989227294922 ,
0.0017445087432861328 ,
0.002159595489501953 ,
0.0025184154510498047 ,
0.003332853317260742 ,
0.00539088249206543 ,
0.009837865829467773 ,
0.017854928970336914 ,
0.033743858337402344 ,
0.06633400917053223 ,
0.13867497444152832 ,
]
x64 = [
0.0015804767608642578 ,
0.0015811920166015625 ,
0.0012748241424560547 ,
0.0014791488647460938 ,
0.0013287067413330078 ,
0.001519918441772461 ,
0.00170135498046875 ,
0.0018224716186523438 ,
0.0026941299438476562 ,
0.0034008026123046875 ,
0.005767107009887695 ,
0.010184526443481445 ,
0.018416643142700195 ,
0.0344085693359375 ,
0.0711207389831543 ,
0.1311051845550537 ,
]
x65 = [
0.001493215560913086 ,
0.0014231204986572266 ,
0.0014009475708007812 ,
0.001394510269165039 ,
0.0014903545379638672 ,
0.001550912857055664 ,
0.001554250717163086 ,
0.0017642974853515625 ,
0.002611875534057617 ,
0.0033271312713623047 ,
0.0053327083587646484 ,
0.009818792343139648 ,
0.017492294311523438 ,
0.032788991928100586 ,
0.06784868240356445 ,
0.12999963760375977 ,
]
x66 = [
0.0015714168548583984 ,
0.001295328140258789 ,
0.0014083385467529297 ,
0.0013239383697509766 ,
0.0015637874603271484 ,
0.0014903545379638672 ,
0.001680135726928711 ,
0.0019903182983398438 ,
0.002186298370361328 ,
0.00412750244140625 ,
0.005650520324707031 ,
0.009675264358520508 ,
0.017775297164916992 ,
0.03333687782287598 ,
0.0666191577911377 ,
0.12806272506713867 ,
]
x67 = [
0.0015194416046142578 ,
0.0015077590942382812 ,
0.0013310909271240234 ,
0.001463174819946289 ,
0.0017049312591552734 ,
0.0014624595642089844 ,
0.001928567886352539 ,
0.002432584762573242 ,
0.002334117889404297 ,
0.003551483154296875 ,
0.005605220794677734 ,
0.010418891906738281 ,
0.018230438232421875 ,
0.03364443778991699 ,
0.06604909896850586 ,
0.12800216674804688 ,
]
x68 = [
0.0015211105346679688 ,
0.001352548599243164 ,
0.0015914440155029297 ,
0.001499176025390625 ,
0.0014681816101074219 ,
0.001520395278930664 ,
0.00201416015625 ,
0.0019462108612060547 ,
0.002692699432373047 ,
0.003512144088745117 ,
0.005235433578491211 ,
0.010290861129760742 ,
0.0176849365234375 ,
0.03339838981628418 ,
0.06614518165588379 ,
0.14351487159729004 ,
]
x69 = [
0.001577138900756836 ,
0.0013737678527832031 ,
0.0013799667358398438 ,
0.0014946460723876953 ,
0.0015790462493896484 ,
0.0013782978057861328 ,
0.002003908157348633 ,
0.0019812583923339844 ,
0.0023746490478515625 ,
0.0038444995880126953 ,
0.005948781967163086 ,
0.010098695755004883 ,
0.01788163185119629 ,
0.034085988998413086 ,
0.0682988166809082 ,
0.140000581741333 ,
]
x70 = [
0.0017881393432617188 ,
0.0015914440155029297 ,
0.0014050006866455078 ,
0.0014488697052001953 ,
0.0015108585357666016 ,
0.0014543533325195312 ,
0.0015397071838378906 ,
0.0017762184143066406 ,
0.002384662628173828 ,
0.0034193992614746094 ,
0.005753040313720703 ,
0.009387969970703125 ,
0.01737809181213379 ,
0.03371715545654297 ,
0.06721234321594238 ,
0.1264345645904541 ,
]
x71 = [
0.0017001628875732422 ,
0.0014486312866210938 ,
0.001436471939086914 ,
0.0014069080352783203 ,
0.0014650821685791016 ,
0.001417398452758789 ,
0.0015239715576171875 ,
0.0018696784973144531 ,
0.0026366710662841797 ,
0.003361225128173828 ,
0.005627870559692383 ,
0.009408950805664062 ,
0.020407676696777344 ,
0.034398555755615234 ,
0.0666201114654541 ,
0.12975287437438965 ,
]
x72 = [
0.0014255046844482422 ,
0.0015025138854980469 ,
0.001420736312866211 ,
0.0013229846954345703 ,
0.0015759468078613281 ,
0.0015425682067871094 ,
0.0016596317291259766 ,
0.0018770694732666016 ,
0.0027027130126953125 ,
0.0035419464111328125 ,
0.0054934024810791016 ,
0.00963449478149414 ,
0.017409801483154297 ,
0.034713029861450195 ,
0.06565570831298828 ,
0.13357853889465332 ,
]
x73 = [
0.0019369125366210938 ,
0.0014846324920654297 ,
0.0015342235565185547 ,
0.001516103744506836 ,
0.0018973350524902344 ,
0.001608133316040039 ,
0.0015094280242919922 ,
0.0019681453704833984 ,
0.0024557113647460938 ,
0.0033469200134277344 ,
0.0051403045654296875 ,
0.009775161743164062 ,
0.016991376876831055 ,
0.03471994400024414 ,
0.0661308765411377 ,
0.13016009330749512 ,
]
x74 = [
0.0016438961029052734 ,
0.0017762184143066406 ,
0.0014123916625976562 ,
0.001291036605834961 ,
0.0015056133270263672 ,
0.0015425682067871094 ,
0.0026006698608398438 ,
0.0018630027770996094 ,
0.0023255348205566406 ,
0.0035004615783691406 ,
0.0054111480712890625 ,
0.00942540168762207 ,
0.017450332641601562 ,
0.03399014472961426 ,
0.06680107116699219 ,
0.13143134117126465 ,
]
x75 = [
0.0015041828155517578 ,
0.001430511474609375 ,
0.0013053417205810547 ,
0.0013837814331054688 ,
0.0014314651489257812 ,
0.0014486312866210938 ,
0.0016393661499023438 ,
0.0018367767333984375 ,
0.0024614334106445312 ,
0.0033729076385498047 ,
0.0055370330810546875 ,
0.009612321853637695 ,
0.0183560848236084 ,
0.03371548652648926 ,
0.0666956901550293 ,
0.1307079792022705 ,
]
x76 = [
0.0016300678253173828 ,
0.0012586116790771484 ,
0.0014140605926513672 ,
0.0016067028045654297 ,
0.0014147758483886719 ,
0.001604318618774414 ,
0.00164031982421875 ,
0.0018656253814697266 ,
0.002488374710083008 ,
0.003603696823120117 ,
0.006066322326660156 ,
0.009521007537841797 ,
0.01778864860534668 ,
0.03451037406921387 ,
0.07959342002868652 ,
0.13042092323303223 ,
]
x77 = [
0.0017123222351074219 ,
0.001257181167602539 ,
0.001397848129272461 ,
0.001438140869140625 ,
0.0018472671508789062 ,
0.001374959945678711 ,
0.0016820430755615234 ,
0.0018832683563232422 ,
0.003067493438720703 ,
0.003353595733642578 ,
0.005369901657104492 ,
0.009633541107177734 ,
0.017449378967285156 ,
0.03828787803649902 ,
0.06608223915100098 ,
0.1304798126220703 ,
]
x78 = [
0.0014219284057617188 ,
0.0014116764068603516 ,
0.0015316009521484375 ,
0.0014765262603759766 ,
0.0013992786407470703 ,
0.001497507095336914 ,
0.001718759536743164 ,
0.0020732879638671875 ,
0.0022423267364501953 ,
0.0033941268920898438 ,
0.005537509918212891 ,
0.010523796081542969 ,
0.019750118255615234 ,
0.03409457206726074 ,
0.0670006275177002 ,
0.12967944145202637 ,
]
x79 = [
0.0014657974243164062 ,
0.0013227462768554688 ,
0.0013763904571533203 ,
0.0012917518615722656 ,
0.0015423297882080078 ,
0.0014736652374267578 ,
0.0016531944274902344 ,
0.0020766258239746094 ,
0.002851247787475586 ,
0.0035631656646728516 ,
0.005499124526977539 ,
0.009434223175048828 ,
0.017915010452270508 ,
0.03834342956542969 ,
0.06575870513916016 ,
0.13335084915161133 ,
]
x80 = [
0.0016176700592041016 ,
0.001379251480102539 ,
0.0013127326965332031 ,
0.0014963150024414062 ,
0.0013604164123535156 ,
0.0014491081237792969 ,
0.0015125274658203125 ,
0.0019524097442626953 ,
0.002396106719970703 ,
0.003590106964111328 ,
0.005406856536865234 ,
0.009518861770629883 ,
0.017587661743164062 ,
0.03414416313171387 ,
0.0659029483795166 ,
0.1407315731048584 ,
]
x81 = [
0.0018033981323242188 ,
0.0012989044189453125 ,
0.0016508102416992188 ,
0.0015420913696289062 ,
0.001371145248413086 ,
0.0019254684448242188 ,
0.0014710426330566406 ,
0.0020906925201416016 ,
0.002397775650024414 ,
0.0039010047912597656 ,
0.006203889846801758 ,
0.009902000427246094 ,
0.017517566680908203 ,
0.033728599548339844 ,
0.06620121002197266 ,
0.13027358055114746 ,
]
x82 = [
0.001833200454711914 ,
0.0013461112976074219 ,
0.001556396484375 ,
0.0014362335205078125 ,
0.0014927387237548828 ,
0.001990795135498047 ,
0.0015268325805664062 ,
0.0020225048065185547 ,
0.002639293670654297 ,
0.0035474300384521484 ,
0.005480766296386719 ,
0.009566068649291992 ,
0.018085956573486328 ,
0.03367328643798828 ,
0.06539034843444824 ,
0.13230681419372559 ,
]
x83 = [
0.0015037059783935547 ,
0.0012962818145751953 ,
0.0018241405487060547 ,
0.0014431476593017578 ,
0.0014407634735107422 ,
0.0016102790832519531 ,
0.0017125606536865234 ,
0.002092599868774414 ,
0.002420663833618164 ,
0.00337982177734375 ,
0.0063323974609375 ,
0.009564638137817383 ,
0.01737213134765625 ,
0.03464031219482422 ,
0.06923818588256836 ,
0.1324138641357422 ,
]
x84 = [
0.0015833377838134766 ,
0.0012743473052978516 ,
0.0013127326965332031 ,
0.0014486312866210938 ,
0.0014445781707763672 ,
0.0015347003936767578 ,
0.0018427371978759766 ,
0.001936197280883789 ,
0.002276182174682617 ,
0.003421783447265625 ,
0.005946159362792969 ,
0.01023721694946289 ,
0.01836228370666504 ,
0.03485107421875 ,
0.06416106224060059 ,
0.12800240516662598 ,
]
x85 = [
0.002075672149658203 ,
0.0014848709106445312 ,
0.001306295394897461 ,
0.001314401626586914 ,
0.0014224052429199219 ,
0.001435995101928711 ,
0.0020411014556884766 ,
0.0019423961639404297 ,
0.0023462772369384766 ,
0.0034532546997070312 ,
0.005420684814453125 ,
0.009546995162963867 ,
0.018223285675048828 ,
0.03370356559753418 ,
0.065887451171875 ,
0.13084101676940918 ,
]
x86 = [
0.0015056133270263672 ,
0.0013194084167480469 ,
0.0013387203216552734 ,
0.0014133453369140625 ,
0.0013582706451416016 ,
0.0015101432800292969 ,
0.0015633106231689453 ,
0.001967906951904297 ,
0.0025184154510498047 ,
0.0033371448516845703 ,
0.005621910095214844 ,
0.009640216827392578 ,
0.01784825325012207 ,
0.033843040466308594 ,
0.0726633071899414 ,
0.13023734092712402 ,
]
x87 = [
0.0014317035675048828 ,
0.0013344287872314453 ,
0.001707315444946289 ,
0.0014882087707519531 ,
0.001348733901977539 ,
0.0015811920166015625 ,
0.001493692398071289 ,
0.0019249916076660156 ,
0.002646207809448242 ,
0.0034050941467285156 ,
0.0054798126220703125 ,
0.009415626525878906 ,
0.017573118209838867 ,
0.03322553634643555 ,
0.07784748077392578 ,
0.12998533248901367 ,
]
x88 = [
0.001809835433959961 ,
0.0014390945434570312 ,
0.0013225078582763672 ,
0.0013573169708251953 ,
0.0014836788177490234 ,
0.001695871353149414 ,
0.0016701221466064453 ,
0.002249479293823242 ,
0.0024557113647460938 ,
0.0034797191619873047 ,
0.005938529968261719 ,
0.009841442108154297 ,
0.018172025680541992 ,
0.03832125663757324 ,
0.06614518165588379 ,
0.13039731979370117 ,
]
x89 = [
0.0017559528350830078 ,
0.0013580322265625 ,
0.0015463829040527344 ,
0.0013623237609863281 ,
0.0016074180603027344 ,
0.001405954360961914 ,
0.0016980171203613281 ,
0.002285003662109375 ,
0.002444744110107422 ,
0.003645658493041992 ,
0.005226612091064453 ,
0.009789705276489258 ,
0.01758265495300293 ,
0.03391838073730469 ,
0.06424665451049805 ,
0.1272602081298828 ,
]
x90 = [
0.0013833045959472656 ,
0.0014445781707763672 ,
0.0015392303466796875 ,
0.0016241073608398438 ,
0.0014748573303222656 ,
0.001630544662475586 ,
0.0018382072448730469 ,
0.0020155906677246094 ,
0.002364635467529297 ,
0.0034399032592773438 ,
0.0054700374603271484 ,
0.009442329406738281 ,
0.017861366271972656 ,
0.03436112403869629 ,
0.06615567207336426 ,
0.13389015197753906 ,
]
x91 = [
0.0014595985412597656 ,
0.001451253890991211 ,
0.00133514404296875 ,
0.0013997554779052734 ,
0.0015196800231933594 ,
0.0014219284057617188 ,
0.001768350601196289 ,
0.0021615028381347656 ,
0.002863645553588867 ,
0.003366708755493164 ,
0.005594968795776367 ,
0.009950876235961914 ,
0.017623186111450195 ,
0.033512115478515625 ,
0.06600809097290039 ,
0.13029241561889648 ,
]
x92 = [
0.0015659332275390625 ,
0.0013763904571533203 ,
0.0013921260833740234 ,
0.0014224052429199219 ,
0.0014965534210205078 ,
0.0017185211181640625 ,
0.0018792152404785156 ,
0.001844167709350586 ,
0.0022017955780029297 ,
0.003768444061279297 ,
0.005397319793701172 ,
0.00974416732788086 ,
0.017879009246826172 ,
0.03468680381774902 ,
0.06566929817199707 ,
0.13284516334533691 ,
]
x93 = [
0.0020072460174560547 ,
0.0013828277587890625 ,
0.001482248306274414 ,
0.0013878345489501953 ,
0.001386404037475586 ,
0.0024573802947998047 ,
0.0017590522766113281 ,
0.0019235610961914062 ,
0.002290010452270508 ,
0.0034880638122558594 ,
0.005505800247192383 ,
0.009823083877563477 ,
0.017770051956176758 ,
0.033638954162597656 ,
0.06679058074951172 ,
0.13082671165466309 ,
]
x94 = [
0.0016374588012695312 ,
0.0016069412231445312 ,
0.0012938976287841797 ,
0.0015132427215576172 ,
0.0017380714416503906 ,
0.001483917236328125 ,
0.0016565322875976562 ,
0.0020341873168945312 ,
0.002722024917602539 ,
0.0037789344787597656 ,
0.005373477935791016 ,
0.00934147834777832 ,
0.017476320266723633 ,
0.033843278884887695 ,
0.06734061241149902 ,
0.13139557838439941 ,
]
x95 = [
0.001767873764038086 ,
0.001322031021118164 ,
0.001668691635131836 ,
0.001691579818725586 ,
0.0014407634735107422 ,
0.001506805419921875 ,
0.0016226768493652344 ,
0.0019040107727050781 ,
0.0023758411407470703 ,
0.00348663330078125 ,
0.0062024593353271484 ,
0.00972294807434082 ,
0.018079519271850586 ,
0.03353762626647949 ,
0.06560850143432617 ,
0.12986969947814941 ,
]
x96 = [
0.0017006397247314453 ,
0.001401662826538086 ,
0.0018377304077148438 ,
0.0017879009246826172 ,
0.001361846923828125 ,
0.0016312599182128906 ,
0.0016078948974609375 ,
0.001977682113647461 ,
0.0025522708892822266 ,
0.003632783889770508 ,
0.005416154861450195 ,
0.009515523910522461 ,
0.01735663414001465 ,
0.03362226486206055 ,
0.06676292419433594 ,
0.14113402366638184 ,
]
x97 = [
0.001491546630859375 ,
0.0014345645904541016 ,
0.0013642311096191406 ,
0.001600027084350586 ,
0.0012993812561035156 ,
0.0017116069793701172 ,
0.0015385150909423828 ,
0.0018551349639892578 ,
0.0025739669799804688 ,
0.003991365432739258 ,
0.005467653274536133 ,
0.009912252426147461 ,
0.018053531646728516 ,
0.03362131118774414 ,
0.06634163856506348 ,
0.13059711456298828 ,
]
x98 = [
0.0015349388122558594 ,
0.0014476776123046875 ,
0.0015769004821777344 ,
0.0017027854919433594 ,
0.0014638900756835938 ,
0.0016031265258789062 ,
0.0017154216766357422 ,
0.0018720626831054688 ,
0.002827167510986328 ,
0.003475189208984375 ,
0.005632877349853516 ,
0.010056018829345703 ,
0.0177154541015625 ,
0.033829450607299805 ,
0.06629681587219238 ,
0.1303553581237793 ,
]
x99 = [
0.00183868408203125 ,
0.001619100570678711 ,
0.0014226436614990234 ,
0.0014886856079101562 ,
0.001537322998046875 ,
0.001605987548828125 ,
0.001967191696166992 ,
0.0020313262939453125 ,
0.002440214157104492 ,
0.003805398941040039 ,
0.005567789077758789 ,
0.009746313095092773 ,
0.01788043975830078 ,
0.0330357551574707 ,
0.0656881332397461 ,
0.13245797157287598 ,
]
x100 = [
0.0015087127685546875 ,
0.001318216323852539 ,
0.0014019012451171875 ,
0.0012764930725097656 ,
0.001348733901977539 ,
0.001661539077758789 ,
0.0018863677978515625 ,
0.0021271705627441406 ,
0.002417325973510742 ,
0.003729581832885742 ,
0.0059545040130615234 ,
0.009511232376098633 ,
0.01808762550354004 ,
0.03406953811645508 ,
0.06664037704467773 ,
0.13039016723632812 ,
]
x101 = [
0.001722097396850586 ,
0.0018384456634521484 ,
0.0014584064483642578 ,
0.0013887882232666016 ,
0.0014727115631103516 ,
0.0017535686492919922 ,
0.0016369819641113281 ,
0.0020093917846679688 ,
0.002409696578979492 ,
0.004016876220703125 ,
0.00526881217956543 ,
0.009931087493896484 ,
0.01757216453552246 ,
0.03417539596557617 ,
0.06647443771362305 ,
0.13213849067687988 ,
]
x102 = [
0.0016655921936035156 ,
0.0014684200286865234 ,
0.0013480186462402344 ,
0.0018241405487060547 ,
0.001384735107421875 ,
0.0016934871673583984 ,
0.0016918182373046875 ,
0.002103567123413086 ,
0.0024831295013427734 ,
0.00399470329284668 ,
0.005707740783691406 ,
0.013341903686523438 ,
0.01740121841430664 ,
0.0337827205657959 ,
0.06610393524169922 ,
0.1314072608947754 ,
]
x103 = [
0.001516103744506836 ,
0.0015559196472167969 ,
0.0013294219970703125 ,
0.0012922286987304688 ,
0.0015835762023925781 ,
0.0014972686767578125 ,
0.0017006397247314453 ,
0.0020139217376708984 ,
0.0025887489318847656 ,
0.0037698745727539062 ,
0.0056650638580322266 ,
0.009681940078735352 ,
0.017902135848999023 ,
0.03473401069641113 ,
0.06469917297363281 ,
0.13358521461486816 ,
]
x104 = [
0.0014252662658691406 ,
0.0013480186462402344 ,
0.0013320446014404297 ,
0.001375436782836914 ,
0.0013666152954101562 ,
0.0017304420471191406 ,
0.002002716064453125 ,
0.0018908977508544922 ,
0.002421140670776367 ,
0.003635406494140625 ,
0.005244255065917969 ,
0.009683609008789062 ,
0.018129825592041016 ,
0.03422689437866211 ,
0.06880998611450195 ,
0.1299288272857666 ,
]
x105 = [
0.0016393661499023438 ,
0.0017023086547851562 ,
0.0012722015380859375 ,
0.0014920234680175781 ,
0.0017879009246826172 ,
0.0015709400177001953 ,
0.0017549991607666016 ,
0.0022644996643066406 ,
0.002671480178833008 ,
0.0033702850341796875 ,
0.005631208419799805 ,
0.010525941848754883 ,
0.017121553421020508 ,
0.03463387489318848 ,
0.06641530990600586 ,
0.13064885139465332 ,
]
x106 = [
0.0016283988952636719 ,
0.001512289047241211 ,
0.0013704299926757812 ,
0.0013952255249023438 ,
0.0019326210021972656 ,
0.0014841556549072266 ,
0.0016238689422607422 ,
0.0019333362579345703 ,
0.0024003982543945312 ,
0.0036759376525878906 ,
0.005580902099609375 ,
0.009637117385864258 ,
0.019788265228271484 ,
0.03434038162231445 ,
0.06556105613708496 ,
0.13466453552246094 ,
]
x107 = [
0.0014274120330810547 ,
0.0013947486877441406 ,
0.0013446807861328125 ,
0.0013828277587890625 ,
0.0014271736145019531 ,
0.0014812946319580078 ,
0.0016369819641113281 ,
0.0018222332000732422 ,
0.0030095577239990234 ,
0.003268003463745117 ,
0.005950450897216797 ,
0.01020956039428711 ,
0.017520427703857422 ,
0.03353285789489746 ,
0.06801652908325195 ,
0.14328646659851074 ,
]
x108 = [
0.0014145374298095703 ,
0.001598358154296875 ,
0.0015344619750976562 ,
0.001605987548828125 ,
0.0014104843139648438 ,
0.0016090869903564453 ,
0.0018243789672851562 ,
0.0019354820251464844 ,
0.002432107925415039 ,
0.0034072399139404297 ,
0.005913734436035156 ,
0.010211706161499023 ,
0.017661094665527344 ,
0.03673100471496582 ,
0.06825566291809082 ,
0.12969017028808594 ,
]
x109 = [
0.0015811920166015625 ,
0.0018506050109863281 ,
0.0018346309661865234 ,
0.0016262531280517578 ,
0.0018162727355957031 ,
0.001436471939086914 ,
0.0017333030700683594 ,
0.0021467208862304688 ,
0.002511739730834961 ,
0.003719806671142578 ,
0.0055615901947021484 ,
0.009684324264526367 ,
0.0175628662109375 ,
0.03368568420410156 ,
0.0665125846862793 ,
0.13014984130859375 ,
]
x110 = [
0.0016489028930664062 ,
0.0016872882843017578 ,
0.002047300338745117 ,
0.0014290809631347656 ,
0.0014276504516601562 ,
0.0016243457794189453 ,
0.0018568038940429688 ,
0.0019168853759765625 ,
0.0024192333221435547 ,
0.0035774707794189453 ,
0.005609989166259766 ,
0.010825395584106445 ,
0.01767754554748535 ,
0.034188270568847656 ,
0.0654149055480957 ,
0.12959718704223633 ,
]
x111 = [
0.0014853477478027344 ,
0.001392364501953125 ,
0.0012972354888916016 ,
0.0013968944549560547 ,
0.0014982223510742188 ,
0.0014011859893798828 ,
0.0020248889923095703 ,
0.0018239021301269531 ,
0.0023682117462158203 ,
0.0033423900604248047 ,
0.005447864532470703 ,
0.009351491928100586 ,
0.01803898811340332 ,
0.03316473960876465 ,
0.06610488891601562 ,
0.13957715034484863 ,
]
x112 = [
0.0016727447509765625 ,
0.0014109611511230469 ,
0.0015554428100585938 ,
0.001455068588256836 ,
0.0015797615051269531 ,
0.0015933513641357422 ,
0.0017294883728027344 ,
0.0022614002227783203 ,
0.002954721450805664 ,
0.0033309459686279297 ,
0.005414009094238281 ,
0.009636640548706055 ,
0.017895221710205078 ,
0.034403324127197266 ,
0.06787443161010742 ,
0.12990975379943848 ,
]
x113 = [
0.0016138553619384766 ,
0.0015001296997070312 ,
0.0014712810516357422 ,
0.0014338493347167969 ,
0.00141143798828125 ,
0.0014944076538085938 ,
0.0018024444580078125 ,
0.002061128616333008 ,
0.002439260482788086 ,
0.003785848617553711 ,
0.006055355072021484 ,
0.009392261505126953 ,
0.017592668533325195 ,
0.033463239669799805 ,
0.06731820106506348 ,
0.1327531337738037 ,
]
x114 = [
0.0016422271728515625 ,
0.0012688636779785156 ,
0.0013756752014160156 ,
0.0013833045959472656 ,
0.001445770263671875 ,
0.0019888877868652344 ,
0.0017862319946289062 ,
0.0019006729125976562 ,
0.0029363632202148438 ,
0.0034685134887695312 ,
0.005448579788208008 ,
0.009329080581665039 ,
0.018098831176757812 ,
0.0420687198638916 ,
0.06468439102172852 ,
0.13003754615783691 ,
]
x115 = [
0.0016345977783203125 ,
0.0012753009796142578 ,
0.00171661376953125 ,
0.0013017654418945312 ,
0.0014846324920654297 ,
0.0016241073608398438 ,
0.0015597343444824219 ,
0.002377748489379883 ,
0.002390146255493164 ,
0.0035376548767089844 ,
0.005891561508178711 ,
0.009890079498291016 ,
0.01918315887451172 ,
0.034308433532714844 ,
0.06638002395629883 ,
0.12736797332763672 ,
]
x116 = [
0.0016956329345703125 ,
0.0015673637390136719 ,
0.0014472007751464844 ,
0.001363515853881836 ,
0.0014882087707519531 ,
0.001714944839477539 ,
0.0018663406372070312 ,
0.0019147396087646484 ,
0.0024111270904541016 ,
0.0033864974975585938 ,
0.005312442779541016 ,
0.009812355041503906 ,
0.01796245574951172 ,
0.03431510925292969 ,
0.0660851001739502 ,
0.13389945030212402 ,
]
x117 = [
0.003938198089599609 ,
0.001268625259399414 ,
0.0015709400177001953 ,
0.0014705657958984375 ,
0.001428365707397461 ,
0.0014812946319580078 ,
0.0018024444580078125 ,
0.0018148422241210938 ,
0.0036668777465820312 ,
0.003499746322631836 ,
0.0054645538330078125 ,
0.009421825408935547 ,
0.01794266700744629 ,
0.03346872329711914 ,
0.08244442939758301 ,
0.1298823356628418 ,
]
x118 = [
0.0015668869018554688 ,
0.0013973712921142578 ,
0.001295328140258789 ,
0.0014469623565673828 ,
0.0019180774688720703 ,
0.0014314651489257812 ,
0.0015947818756103516 ,
0.0019173622131347656 ,
0.0024843215942382812 ,
0.003587961196899414 ,
0.005501508712768555 ,
0.009935140609741211 ,
0.017788410186767578 ,
0.03807854652404785 ,
0.07797694206237793 ,
0.13064789772033691 ,
]
x119 = [
0.001684427261352539 ,
0.0015692710876464844 ,
0.001394033432006836 ,
0.0013589859008789062 ,
0.00154876708984375 ,
0.0015289783477783203 ,
0.0016613006591796875 ,
0.0022003650665283203 ,
0.002511739730834961 ,
0.003397226333618164 ,
0.00551295280456543 ,
0.009571075439453125 ,
0.017179489135742188 ,
0.04314446449279785 ,
0.06615900993347168 ,
0.13048768043518066 ,
]
x120 = [
0.0013802051544189453 ,
0.001421213150024414 ,
0.001470327377319336 ,
0.0013213157653808594 ,
0.0013661384582519531 ,
0.0017743110656738281 ,
0.0017008781433105469 ,
0.0018644332885742188 ,
0.0023949146270751953 ,
0.0035042762756347656 ,
0.0055539608001708984 ,
0.009875774383544922 ,
0.017217636108398438 ,
0.034163713455200195 ,
0.06634092330932617 ,
0.1328291893005371 ,
]
x121 = [
0.0017628669738769531 ,
0.0013349056243896484 ,
0.0014917850494384766 ,
0.0016717910766601562 ,
0.0014553070068359375 ,
0.0013973712921142578 ,
0.0016400814056396484 ,
0.0036869049072265625 ,
0.0026102066040039062 ,
0.00341796875 ,
0.005371570587158203 ,
0.009970664978027344 ,
0.017067670822143555 ,
0.033865928649902344 ,
0.06680846214294434 ,
0.13612079620361328 ,
]
x122 = [
0.0017409324645996094 ,
0.0013911724090576172 ,
0.0013580322265625 ,
0.0014426708221435547 ,
0.0015006065368652344 ,
0.0018188953399658203 ,
0.0016884803771972656 ,
0.001985788345336914 ,
0.0027430057525634766 ,
0.0037109851837158203 ,
0.0055315494537353516 ,
0.009503841400146484 ,
0.01778411865234375 ,
0.03371095657348633 ,
0.06579923629760742 ,
0.13056516647338867 ,
]
x123 = [
0.001706838607788086 ,
0.0014026165008544922 ,
0.0013835430145263672 ,
0.0015270709991455078 ,
0.0013649463653564453 ,
0.0016222000122070312 ,
0.0016655921936035156 ,
0.001878976821899414 ,
0.0026738643646240234 ,
0.0033135414123535156 ,
0.005615234375 ,
0.009791851043701172 ,
0.018024206161499023 ,
0.033638954162597656 ,
0.07585453987121582 ,
0.12981820106506348 ,
]
x124 = [
0.0015189647674560547 ,
0.0014350414276123047 ,
0.0013661384582519531 ,
0.0014858245849609375 ,
0.0013151168823242188 ,
0.0013616085052490234 ,
0.002141237258911133 ,
0.0018656253814697266 ,
0.002436399459838867 ,
0.003434419631958008 ,
0.0054361820220947266 ,
0.009386777877807617 ,
0.017601966857910156 ,
0.040490150451660156 ,
0.06675148010253906 ,
0.13301849365234375 ,
]
x125 = [
0.001668691635131836 ,
0.0014679431915283203 ,
0.0014367103576660156 ,
0.0014846324920654297 ,
0.0014514923095703125 ,
0.0014033317565917969 ,
0.0016775131225585938 ,
0.001990795135498047 ,
0.0023679733276367188 ,
0.003650188446044922 ,
0.00545048713684082 ,
0.00953221321105957 ,
0.017921924591064453 ,
0.03393054008483887 ,
0.06620121002197266 ,
0.1300492286682129 ,
]
x126 = [
0.0014693737030029297 ,
0.0013761520385742188 ,
0.0013661384582519531 ,
0.0013916492462158203 ,
0.0018367767333984375 ,
0.0017085075378417969 ,
0.001641988754272461 ,
0.0018150806427001953 ,
0.0025577545166015625 ,
0.003648519515991211 ,
0.005537271499633789 ,
0.009392023086547852 ,
0.01738595962524414 ,
0.03359866142272949 ,
0.06866908073425293 ,
0.13043642044067383 ,
]
x127 = [
0.0015423297882080078 ,
0.0016474723815917969 ,
0.0015764236450195312 ,
0.0013384819030761719 ,
0.001382589340209961 ,
0.001514434814453125 ,
0.0016934871673583984 ,
0.002176046371459961 ,
0.0023651123046875 ,
0.003810405731201172 ,
0.005715847015380859 ,
0.009433984756469727 ,
0.017491817474365234 ,
0.03369784355163574 ,
0.06563425064086914 ,
0.13227152824401855 ,
]
x128 = [
0.0015072822570800781 ,
0.0013418197631835938 ,
0.0016016960144042969 ,
0.001421213150024414 ,
0.0013785362243652344 ,
0.0015995502471923828 ,
0.0016341209411621094 ,
0.001970052719116211 ,
0.002336263656616211 ,
0.003398418426513672 ,
0.005193948745727539 ,
0.009853601455688477 ,
0.01741313934326172 ,
0.03436875343322754 ,
0.07766985893249512 ,
0.1332085132598877 ,
]
x129 = [
0.001544952392578125 ,
0.0013740062713623047 ,
0.0014095306396484375 ,
0.0014421939849853516 ,
0.001374959945678711 ,
0.00141143798828125 ,
0.0016715526580810547 ,
0.0025382041931152344 ,
0.002577066421508789 ,
0.003444194793701172 ,
0.006667137145996094 ,
0.009977579116821289 ,
0.02709650993347168 ,
0.04051470756530762 ,
0.06641006469726562 ,
0.13028359413146973 ,
]
x130 = [
0.0015103816986083984 ,
0.0017685890197753906